
Camera: 7MP, 233mm

 Left:
{'K1': -0.24444159268302373,
 'RT': array([[  7.57959554e-01,   1.69408594e-02,  -6.52081529e-01,
         -2.21101751e+01],
       [ -1.59738506e-02,   9.99844966e-01,   7.40812316e-03,
          5.60254579e+01],
       [  6.52105935e-01,   4.80119520e-03,   7.58112656e-01,
         -2.43471144e+02],
       [  0.00000000e+00,   0.00000000e+00,   0.00000000e+00,
          1.00000000e+00]]),
 'error': DescribeResult(nobs=26, minmax=(0.36670796339605072, 11.518125670954184), mean=2.5076945392519696, variance=5.6897332565681289, skewness=2.378979965153251, kurtosis=6.168634007954582),
 'f': -1.8946272197092822,
 'pixelSize': [0.001096, 0.001096],
 'resolution': [3000, 3000],
 'rotationMatrix': [[0.757959554442581,
                     0.016940859365460165,
                     -0.6520815294985465],
                    [-0.015973850588773823,
                     0.9998449658865362,
                     0.007408123157640411],
                    [0.6521059345892902,
                     0.004801195196088,
                     0.7581126556113659]],
 'translationVector': array([ -22.11017515,   56.02545786, -243.47114396])}

 Right:
{'K1': -0.23973785796449468,
 'RT': array([[  7.35143057e-01,   2.38982759e-02,  -6.77490633e-01,
          9.60452172e+00],
       [ -3.53218142e-02,   9.99371259e-01,  -3.07507775e-03,
          6.30943001e+01],
       [  6.76991178e-01,   2.61908203e-02,   7.35524973e-01,
         -2.44054323e+02],
       [  0.00000000e+00,   0.00000000e+00,   0.00000000e+00,
          1.00000000e+00]]),
 'error': DescribeResult(nobs=26, minmax=(0.51015299521297186, 13.521914897297744), mean=3.5769751003315098, variance=14.454386805669492, skewness=1.2773394723211746, kurtosis=0.20894052550595354),
 'f': -1.9319220203299121,
 'pixelSize': [0.001096, 0.001096],
 'resolution': [3000, 3000],
 'rotationMatrix': [[0.7351430573548834,
                     0.023898275940176034,
                     -0.6774906328725155],
                    [-0.03532181420481261,
                     0.9993712590114392,
                     -0.0030750777504884087],
                    [0.6769911776856439,
                     0.02619082031892193,
                     0.7355249732448428]],
 'translationVector': array([   9.60452172,   63.09430007, -244.05432333])}

 baseline:
32.498163423688084

 distance to camera:
251.011448621
